genename	d4207w.CEL	d4208w.CEL	d4209w.CEL	d4210w.CEL	d4211w.CEL	d4212w.CEL	d4213w.CEL	d4214w.CEL	d4215w.CEL	d4216w.CEL	d4217w.CEL	d4218w.CEL	d4219w.CEL	d4220w.CEL	d4221w.CEL	d4222w.CEL	d4223w.CEL
A01157cds_s_at	2.182189467	2.24988435	2.158703847	2.169761287	2.345099496	2.25437285	2.255597124	2.250389461	2.308138434	2.283484529	2.324989558	2.296410627	2.309810997	2.389382728	2.334904886	2.209619059	2.30065831
A03913cds_s_at	3.962571657	3.670204809	3.963433705	3.369683894	3.996846695	3.440488242	3.525804432	3.416415839	3.527911828	3.951931434	3.637187275	3.317469395	3.586016966	3.437749553	3.41804977	3.377922819	3.963344927
A04674cds_s_at	2.316204606	2.390011993	2.301455878	2.298507606	2.456484422	2.405001405	2.407912032	2.392374784	2.444110044	2.425435392	2.444503036	2.445402283	2.429912479	2.496365709	2.458514885	2.332166388	2.475200952
A07543cds_s_at	1.711670649	1.775303167	1.694728502	1.694965196	1.837567696	1.775007796	1.771710995	1.768040187	1.824834037	1.802137714	1.839919212	1.824546951	1.809773674	1.864245886	1.847150892	1.745993394	1.820711076
A09811cds_s_at	9.061520472	8.385654762	8.537213111	8.494933111	9.603541103	9.383829817	7.880372604	7.26869441	9.08582693	8.787988567	7.741589282	8.8030117	8.037638138	6.395187622	5.984672908	7.267678431	7.488383868
A16585cds_s_at	2.486019756	2.513270697	2.423003022	2.477341807	2.586010128	2.530489335	2.659668316	2.540087701	2.575054054	2.552671923	2.570452824	2.567992346	2.588849631	2.6503571	2.630102848	2.470876612	2.55096565
A17753cds_s_at	2.129759582	2.218222757	2.131299547	2.118998498	2.367305194	2.242653655	2.245332795	2.227941908	2.274105859	2.254423526	2.287605702	2.263172561	2.26576118	2.357574972	2.301080664	2.171169361	2.247587048
A30543cds_s_at	3.010756052	3.110287724	2.936716016	2.958224211	3.345010636	3.118578828	3.14464237	3.114738093	3.17457552	3.151261851	3.204484283	3.159277616	3.211316383	3.326369517	3.233583828	3.011819674	3.148638947
A44407cds_at	2.826380417	2.92815745	2.817105459	2.83074785	3.583378887	2.911282333	3.105976639	2.982164126	2.973239677	2.935198612	3.020263359	2.955920037	2.989752378	3.095753852	3.090076802	2.882066812	2.95317193
AA108277_at	4.202182341	3.662101436	4.143766798	3.34465412	3.999984846	4.060047701	3.728782929	3.657930275	3.996094337	3.511669317	3.703746193	3.582024417	3.993656014	3.754975223	3.79543752	3.526754339	3.784232686
AA108308_i_at	0.911591248	0.988966127	0.920566323	0.910121732	1.01297926	0.970116532	0.956377304	0.955722042	1.006669009	0.98511726	1.001844119	1.008556306	0.981848006	1.017414582	1.019812785	0.932240911	1.003465403
AA108308_s_at	2.539452718	2.640618512	2.519487855	2.216276193	2.650649497	2.608908617	2.626399179	2.6228082	2.688486954	2.631061779	2.682408574	2.649573001	2.651590165	2.649960348	2.662124475	2.615470488	2.658213904
AA684537_at	7.647232674	7.0807019	7.424218083	6.986835163	7.423584708	7.119998335	7.300670478	7.266244725	7.111882928	6.898734524	7.007892516	6.755848179	7.328734898	7.165248461	7.361172234	7.073901219	6.954184323
AA684929_f_at	2.556069069	2.530942466	2.57080887	2.555400069	2.704169141	2.621799086	2.606233305	2.60535567	2.659383106	2.633916119	2.683357383	2.630397348	2.636036426	2.758170681	2.682806592	2.559204694	2.658322907
AA684960_f_at	2.535709365	2.601260792	2.521050744	2.53093022	2.851143517	2.631807089	2.649018666	2.566581431	2.620514589	2.597106811	2.61477621	2.61925971	2.586382572	2.625048247	2.618908499	2.451744484	2.615636263
AA684963_at	8.822888774	8.299583641	8.74123096	8.917504358	8.814564346	8.723981138	8.53161838	8.414447194	8.481196041	8.511615734	8.530864164	8.251511822	8.679096806	8.095208923	8.175436553	8.257016076	8.390703067
AA685112_at	7.913362536	7.0221324	8.033809377	7.61499467	7.440187069	7.584160175	7.076900999	7.260136663	7.255292811	7.517783082	7.107426892	6.871224963	7.587294206	6.137363862	6.881214122	7.145379891	7.093055419
AA685152_r_at	4.520331542	4.58315059	4.489204525	3.859517172	4.929080587	4.591658177	4.590328852	4.62183039	4.921901835	4.758767278	4.655990484	3.880713256	4.671088561	5.217748144	4.772837391	4.515727097	4.619199185
AA685376_f_at	2.429829963	2.412861342	2.435074544	2.428013227	2.526822424	2.48741753	2.479078705	2.46810278	2.52544177	2.500123409	2.512806236	2.520763738	2.529645351	2.527253948	2.527792598	2.448202295	2.521648479
AA685876_at	2.810461549	2.831104717	2.821382176	2.767449975	2.910878913	2.839218982	3.363453532	2.850315063	2.870568534	3.164022224	2.871604302	2.871602461	2.848584546	2.878754793	2.882885433	2.818669838	2.869356764
AA685903_at	8.758203444	6.870778042	8.89109974	7.629661147	5.883570331	8.530527272	5.958775631	6.99084841	7.41733077	7.187136121	6.182245563	7.236803085	7.797876148	3.855780583	6.752551889	6.113247581	7.325527682
AA686031_at	5.042030995	4.199463791	4.706904159	4.132708139	4.424317947	4.739313274	4.317044394	4.203812012	4.904149861	4.603119294	4.106092077	4.247404515	4.31645907	4.190342657	4.217329469	4.057466204	4.194050216
AA686579_at	4.351658148	4.212446603	4.536985533	4.154278327	4.573468057	4.490136405	4.623050851	4.596590222	4.497743931	4.573264272	4.625722456	4.416895712	4.825609016	4.942331593	4.963017692	4.413834097	4.503219583
AA686743_at	2.969696529	3.110416356	2.952906468	2.986685402	3.403662362	3.068468524	3.148881726	3.134034441	3.127729235	3.111045012	3.188481353	3.12754225	3.116048764	3.352510857	3.215941189	3.026319761	3.112436984
AA686870_f_at	3.108715087	3.215019526	3.096348083	3.117424452	3.390476173	3.226274479	3.33000901	3.218804907	3.251617376	3.242354665	3.298755168	3.259883711	3.288187225	3.406875294	3.371900291	3.191087749	3.225067193
AA686870_i_at	1.907398355	1.996537718	1.907211753	1.907651301	2.061544016	1.989036594	2.019007114	1.986303763	2.039012947	2.016295292	2.05705999	2.037344865	2.028111638	2.09557054	2.069485342	1.946762664	2.020310339
AA799276_at	5.956009501	6.92119874	7.050240229	7.295402095	4.913922932	6.327219908	6.933068452	6.507057356	6.331719526	6.188913676	6.466203687	6.09948501	7.258432813	5.830506278	5.898897402	6.336955318	6.555912094
AA799336_at	8.532136231	6.974858154	8.045856164	8.149778709	7.998145695	8.039953751	8.018306491	8.020217109	8.110611764	8.019892615	7.972614577	8.055573004	8.34310554	7.703957312	7.57348612	8.071324163	8.196521972
AA799389_at	2.459145141	2.543013967	2.458431991	2.453380211	2.64930289	2.545153238	2.565200046	2.547298802	2.60231742	2.576665487	2.623903115	2.587147979	2.595511162	2.793846863	2.624796155	2.511714543	2.580828217
AA799389_g_at	2.163020657	2.256109345	2.150633937	2.145044019	2.434157065	2.237913029	2.238528468	2.230410222	2.281780178	2.257228563	2.305353102	2.280222298	2.273322021	2.507190016	2.310859024	2.200723613	2.26287194
AA801441_at	6.631054222	6.73514415	6.162203329	6.269376116	6.522818196	6.624725802	6.501660381	6.436340594	6.823057714	6.522185822	6.598786868	6.596110838	6.531505521	6.558402389	5.688387872	6.672359117	6.537475353
AA819943_at	2.677071617	2.773292934	2.647281003	2.672742619	2.998595695	2.783492924	2.906177012	2.804118848	2.845938166	2.995313781	2.886858375	2.818016697	2.851117226	2.967722317	2.934821608	2.684491775	2.817601633
AA848218_at	6.037750496	5.901934577	6.338714238	5.764303612	5.909653393	5.908145294	6.045981621	6.271738014	5.89935392	5.772003363	5.7763317	5.927731949	5.919466026	4.329889477	6.13962485	5.689401697	6.117888614
AA848268_at	3.732285716	4.027941913	4.178437328	3.648312492	3.742281773	3.670863767	3.67133444	3.621300231	3.741153867	3.656299757	3.676585226	3.819604696	3.684659556	3.686369482	3.749614301	3.505712908	3.701461766
AA848421_at	5.352556717	5.481284695	5.644809325	5.17686913	5.39951856	4.972924347	4.449835529	4.303042471	4.587009823	4.373770034	4.225048794	4.43365132	3.980685873	3.500640681	4.284866501	3.88008759	3.82938439
AA848546_at	3.400170019	3.419490018	3.54450555	3.19855247	3.442100715	3.390109732	3.554674422	3.383917002	3.440285335	3.417809027	3.44110213	3.436059482	3.405358227	3.438199153	3.463218566	3.359819404	3.434890933
AA848563_s_at	4.666064351	1.169228812	1.101940325	1.085130529	1.190719425	1.150892942	1.134440321	1.133640982	1.183729324	1.165537938	1.181402868	1.187738991	1.161172993	1.193601155	1.198939449	1.102985947	1.185399182
AA850219_at	3.73062889	3.983204408	4.011495819	3.885078853	4.127603161	3.961448957	3.974850982	3.956534554	4.008116923	4.007189752	4.048432412	3.913609673	3.983933627	4.389690983	4.159183364	3.969401547	4.223631102
AA859934_at	2.032700782	2.156358116	2.08164486	2.038776673	2.239562253	2.140962039	2.153055164	2.134295341	2.193979601	2.164956926	2.191353961	2.181503856	2.17148791	2.208484186	2.214905297	2.088768239	2.165010945
AA875509_at	3.198394589	3.265406179	3.886817264	3.212101615	3.573540272	3.302515986	3.375402459	3.298194294	3.334018024	3.287953316	3.545098529	3.270722454	3.328703681	3.396865279	3.398771255	3.182725617	3.298405162
AA933181_at	3.383311691	3.405420773	3.972305342	3.280933159	3.509108825	3.416911312	3.506938169	3.46067169	3.768403765	3.629553694	3.480942112	3.529129083	3.555926335	3.629378528	3.512427181	3.360999816	3.619645386
AA944073_at	7.766848624	7.450263962	8.124481411	8.225520225	7.983620154	7.950131321	7.877471225	7.830706028	7.863065017	7.886836656	7.952188749	7.809749144	4.536854468	8.04969966	7.8895252	7.907298662	7.886277652
AA956437_at	2.336346742	2.601441474	3.229878007	2.306539231	2.462859145	2.404510001	2.371453884	2.364833868	2.434214577	2.397682242	2.430838781	2.413690007	2.409862421	2.432345961	2.44496162	2.338647892	2.418113728
AA958273_at	3.53697148	3.709172894	3.480184056	3.512759727	3.994136055	3.636113349	3.744380828	3.702324594	3.685337882	3.685337882	3.826556809	3.628737668	3.795321266	4.044403292	3.84475143	3.571732031	3.665004494
AA958274_at	3.022428977	3.130595019	3.024265589	3.042439907	3.365277808	3.131715252	3.18216344	3.142407006	3.188254123	3.172123404	3.226099199	3.179937736	3.255063345	3.455913575	3.302670901	3.098487453	3.172863475
AB000098_at	5.259387236	4.914529515	5.53542569	5.14674227	4.852146747	5.116929944	4.897421159	4.687426007	4.601858331	4.567524666	4.859920761	4.558722199	5.172842532	4.858494016	4.206606925	4.770054585	4.620629152
AB000098_g_at	9.963831175	9.541730064	9.940468689	9.908824392	10.51222985	9.555740145	10.06148155	9.460296454	9.511750892	9.542420082	9.890959809	9.137223915	10.03800125	9.962293472	9.805395475	9.458152404	9.603816883
AB000113_at	3.494150666	3.54846913	3.397617099	3.431602222	3.718973636	3.554916724	3.66127047	3.587672862	3.601417461	3.566738569	3.694368734	3.550598871	3.700278019	3.876958456	3.939970537	3.514139748	3.567541622
AB000199_at	7.715182435	7.984535003	7.41321765	7.428843989	8.230263138	7.338039556	8.023455846	7.610019181	7.836565899	7.421121117	7.570829448	7.707982869	4.100745427	7.036419996	7.303931594	7.330848302	7.651111845
